=================================================================================
 Language              Files        Lines         Code     Comments       Blanks
=================================================================================
 CSS                       1          130          125            0            5
 Go                       19         1501         1194           95          212
 HTML                      1           13           13            0            0
 JavaScript                1           26           25            0            1
 JSON                      5          140          136            0            4
 SQL                       4           80           49           16           15
 SVG                       2           25           25            0            0
 TSX                      29         2235         2039           10          186
 TypeScript               19          350          299            1           50
 YAML                      2           97           81            0           16
---------------------------------------------------------------------------------
 Markdown                  2          128            0           94           34
 |- BASH                   1            5            5            0            0
 (Total)                              133            5           94           34
=================================================================================
 Total                    85         4730         3991          216          523
=================================================================================
